1300 913
1000 1620
1280 720
996 1620
1000 1193
4272 2848
1024 683
1300 866
1300 866
2592 1728
2634 2340
1024 768
1500 1120
1368 768
2804 2104
685 1024
3072 2166
1000 752
1500 1125
1500 1125
1650 1100
1033 775
866 1300
1300 731
1400 856
1060 1050
1200 1880
1080 720
1628 1499
3416 2592
866 1390
866 1390
1300 731
866 1390
1200 801
928 1300
866 1390
1000 685
1300 926
1200 1200
2000 1325
2569 2389
1280 1125
1280 854
680 1024
1536 1536
2000 1000
2000 1000
1300 1033
2000 1000
2000 1000
1300 972
2000 1000
1024 623
995 690
1280 720
1280 1007
1280 960
1000 630
1300 866
705 705
705 705
705 705
2000 1600
1300 919
1300 1300
1300 1300
1496 1620
1024 762
1300 911
1300 906
1500 1120
1024 682
1000 823
1000 679
955 1000
1000 750
1000 642
1000 730
1000 851
883 1000
1300 866
980 1000
1000 944
1000 747
799 1024
1000 743
1024 993
1024 768
1024 768
1024 683
1024 641
1103 1620
800 717
1024 724
1500 1277
3262 2446
1300 866
1300 866
891 1300
682 1024
866 1300
866 1300
1300 866
900 675
728 1024
864 1300
1500 1120
2400 1485
1300 870
768 1024
1131 744
1024 768
1000 632
1920 1200
1920 1200
1920 1200
1920 1080
2560 1600
1400 1050
1440 900
1280 853
1280 853
1280 853
1280 853
1300 956
1300 956
866 1390
1024 1024
1024 1024
1024 1024
1024 1024
610 915
1500 897
634 718
2272 1704
1280 720
1300 1048
1079 685
906 706
2592 1944
1300 1134
1300 706
1169 794
1300 861
1250 938
2212 3318
2000 1333
1300 960
1300 1065
1500 1125
1300 1330
1300 1330
1300 1330
1300 1330
1300 1330
866 1390
843 1390
962 639
788 1000
3000 2208
1000 751
962 657
1000 650
1038 1600
1500 1289
1500 1100
1004 1600
1500 1100
1500 1221
1500 1600
1500 1165
1500 1312
1500 1150
1500 1180
1500 1017
1012 1600
1500 1100
1500 965
1500 1098
1500 1176
1500 1100
1500 1100
1001 1600
1500 1100
1500 1100
1500 1554
1001 1600
1119 1600
1500 1187
1300 956
1280 720
2048 1152
1100 733
1300 953
1300 953
1300 953
640 1273
900 675
900 675
900 675
858 1280
1300 877
800 619
1300 942
2032 1048
640 846
1280 1920
1006 1390
1920 1200
940 705
1129 1390
1300 1066
1300 1066
1300 956
1300 954
1100 815
1650 1100
835 900
1000 719
677 800
863 1392
863 1392
1024 650
704 800
800 977
3000 2290
1123 761
841 1390
1000 639
2000 1333
2000 1333
2000 1333
2000 1333
2000 1333
866 1390
1300 956
1300 956
1680 1121
5879 4279
634 633
634 634
634 634
634 620
1500 1021
1024 718
1024 781
731 1024
1024 944
1851 2190
634 816
3456 2304
2000 1331
1300 956
1920 1200
5616 3744
1300 1065
1800 1426
1300 866
1067 854
1600 974
3000 1853
2560 1600
2560 1600
1300 957
1132 1696
1608 1258
634 850
634 705
866 1300
1200 900
1280 720
2048 1160
1300 953
1300 866
896 920
2000 1333
1024 682
1055 1390
2000 1333
1200 800
958 1114
958 805
1200 973
1280 720
1920 1080
2250 1478
1154 1154
940 627
1300 841
1280 720
999 729
1280 720
1300 870
870 1300
1300 870
1300 1033
1300 1300
866 1300
1300 866
866 1300
1300 911
1300 671
1300 870
870 1300
1300 863
866 1300
1300 909
863 1300
1300 1076
1300 866
1300 865
865 1300
876 1300
1300 866
1300 866
749 1024
1280 720
1300 1031
1300 816
1026 1300
3207 1493
1083 832
1000 744
931 695
1425 725
685 1024
1918 816
1530 958
725 725
2000 1300
3072 1728
815 756
1197 795
1366 768
2900 1050
1300 866
866 1300
1446 988
750 750
1500 1000
750 750
1280 960
1500 1121
919 1300
1920 1080
967 1300
1300 1064
1080 1024
1300 1097
1400 856
1920 1200
1100 647
1280 853
640 956
1000 678
986 900
2762 1921
630 703
1200 647
1600 833
1100 733
1000 792
645 644
1023 682
1023 681
1023 805
682 1023
682 1023
682 1023
682 1023
682 1023
682 1023
682 1023
1023 682
774 646
682 1023
1023 683
1023 651
1500 1124
757 1023
1023 682
1023 682
681 1023
682 1023
801 1024
1023 620
680 1024
1024 678
682 1023
1023 682
1024 1024
767 1023
1024 1024
774 1023
1023 682
682 1023
682 1023
682 1023
720 1024
705 1023
796 1023
765 1023
1300 863
1023 682
1023 682
682 1023
1023 672
907 1024
1024 757
1023 682
1024 1024
1300 912
649 1023
1024 766
1023 683
1023 683
1023 683
1023 683
1024 678
1024 678
1023 682
682 1023
680 1023
1023 682
683 1023
1023 682
1023 683
678 1024
1023 683
1023 683
1023 682
866 1300
742 1023
769 1023
913 1023
1023 682
682 1023
1024 1024
846 1023
1023 683
1024 827
1024 737
1023 716
682 1023
1023 682
1023 682
1024 766
1300 866
1300 956
1300 866
1300 866
800 1200
915 610
2314 1467
3872 2592
700 1000
1500 1001
1023 682
899 628
3162 1634
1300 866
6016 4016
728 946
1300 1008
1500 1125
2496 1863
1114 741
5616 3744
919 1388
764 625
1663 980
980 653
1300 866
1300 1134
3486 2490
3462 2510
900 674
1300 951
1680 1050
1300 1060
795 900
1300 940
1280 908
1240 800
971 1300
660 660
1100 730
1240 800
2648 1811
1280 720
955 900
1920 1200
1500 1125
1005 759
1500 1000
1600 1200
1024 682
1000 771
1300 1300
660 660
900 1350
1000 644
660 660
660 660
626 626
863 1390
863 1390
1024 771
2768 2067
1001 1620
800 683
1280 960
1748 1744
1600 947
1100 733
1200 800
1200 800
1200 800
970 650
1920 1200
992 744
1600 668
678 1024
1300 1300
866 1300
866 1300
1024 768
1022 674
1300 867
1300 1108
866 1300
1300 867
682 1024
1300 867
1500 1564
