0 0.8793103448275862 0.8092485549132948 0.20689655172413793 0.16551724137931034
0 0.6413793103448275 0.8294797687861272 0.21379310344827587 0.16206896551724137
0 0.4 0.8208092485549133 0.21379310344827587 0.1724137931034483
0 0.16034482758620688 0.8208092485549133 0.21724137931034482 0.15862068965517243
0 0.15689655172413794 0.5115606936416185 0.19655172413793104 0.16206896551724137
0 0.3913793103448276 0.49710982658959535 0.20344827586206896 0.15172413793103448
0 0.6362068965517241 0.5 0.19655172413793104 0.16206896551724137
0 0.8913793103448275 0.4595375722543353 0.20344827586206896 0.16896551724137931
0 0.8758620689655172 0.15895953757225434 0.2 0.1896551724137931
0 0.3724137931034483 0.18208092485549132 0.2 0.15517241379310345
0 0.1310344827586207 0.1907514450867052 0.2 0.18620689655172415
0 0.603448275862069 0.18497109826589594 0.2620689655172414 0.19310344827586207
