1300 913
1000 1620
1280 720
996 1620
640 480
1000 1193
4272 2848
800 566
800 488
1024 683
1300 866
660 471
640 480
1300 866
2592 1728
600 483
639 439
2634 2340
661 496
570 562
773 569
1024 768
1500 1120
1368 768
703 535
600 436
2804 2104
800 602
685 1024
3072 2166
1000 752
800 560
1500 1125
1500 1125
1650 1100
1033 775
866 1300
1300 731
600 426
1400 856
1060 1050
1200 1880
1080 720
1628 1499
900 506
3416 2592
600 425
708 495
520 540
866 1390
866 1390
1300 731
866 1390
1200 801
800 430
940 545
640 447
800 430
928 1300
866 1390
1000 685
1300 926
660 440
620 475
750 418
600 417
1200 1200
2000 1325
812 541
2569 2389
1280 1125
1280 854
680 1024
637 480
640 447
637 510
1536 1536
2000 1000
2000 1000
1300 1033
2000 1000
2000 1000
700 525
1300 972
2000 1000
880 440
1024 623
995 690
1280 720
1280 1007
1280 960
1000 630
1300 866
705 705
705 705
705 705
640 480
500 455
630 420
2000 1600
1300 919
680 459
590 416
590 441
660 440
1300 1300
1300 1300
472 500
1496 1620
1024 762
500 493
1300 911
640 480
500 500
496 487
500 586
1300 906
1500 1120
1024 682
555 434
1000 823
1000 679
955 1000
1000 750
1000 642
1000 730
1000 851
883 1000
1300 866
980 1000
1000 944
1000 555
1000 747
576 498
799 1024
1000 743
1024 993
1024 768
1001 464
1024 768
1024 683
1024 641
1103 1620
800 717
800 575
1024 432
1024 724
800 549
590 444
590 426
500 458
422 500
500 473
1500 1277
3262 2446
500 422
500 443
500 461
500 449
500 469
1300 866
500 442
1300 866
891 1300
682 1024
866 1300
866 1300
500 420
1300 866
500 455
900 675
500 419
500 424
500 432
500 449
455 500
500 429
728 1024
500 499
575 431
864 1300
485 500
1500 1120
500 500
500 456
450 500
564 423
491 500
2400 1485
1300 870
640 480
768 1024
500 478
1131 744
600 443
600 450
1024 768
1000 632
559 455
1920 1200
1920 1200
1920 1200
470 600
1920 1080
2560 1600
980 552
1400 1050
1440 900
1024 576
1280 853
1280 853
1280 853
1280 853
980 552
900 599
640 446
1300 956
1300 956
800 430
640 500
780 438
866 1390
482 659
567 794
640 444
1024 1024
1024 1024
1024 1024
1024 1024
750 563
1024 576
640 480
895 449
610 915
1500 897
634 718
2272 1704
640 476
634 507
700 467
1280 720
600 420
1300 1048
1079 685
906 706
2592 1944
876 493
640 480
1300 1134
1300 706
1169 794
916 526
640 446
1300 861
640 480
800 533
800 532
800 530
800 492
800 600
876 493
640 426
1250 938
2212 3318
800 430
800 430
876 493
480 605
720 480
2000 1333
1300 960
1300 1065
650 455
1500 1125
640 499
480 480
708 495
900 600
1300 1330
1300 1330
1300 1330
1300 1330
1300 1330
866 1390
843 1390
962 639
635 431
788 1000
635 474
3000 2208
1000 751
962 657
1000 650
815 516
640 424
780 456
1038 1600
1500 1289
1500 1100
1004 1600
1500 1100
1500 1221
1500 1600
1500 1165
1500 1312
1500 1150
1500 1180
1500 1017
1012 1600
1500 1100
1500 965
1500 1098
1500 1176
1500 1100
1500 1100
1001 1600
1500 1100
1500 1100
1500 1554
1001 1600
1119 1600
1500 1187
450 423
620 465
1300 956
1280 720
2048 1152
1100 733
1300 953
640 445
1300 953
1300 953
640 445
640 1273
680 450
1067 600
900 675
900 675
900 675
768 576
640 472
720 576
625 424
800 532
837 418
640 444
640 444
858 1280
1300 877
1060 455
660 495
800 619
800 483
660 491
1300 942
768 576
1024 576
2032 1048
640 846
1280 1920
1006 1390
1920 1200
940 705
1129 1390
850 473
800 524
661 496
661 496
661 496
661 496
661 496
661 496
1300 1066
1300 1066
728 546
1300 956
1300 954
1100 815
1650 1100
835 900
728 546
640 434
750 573
725 432
640 448
555 640
728 546
640 456
1000 719
677 800
863 1392
863 1392
1024 650
640 480
728 546
704 800
640 480
800 977
450 420
3000 2290
728 546
1123 761
640 444
640 444
640 444
600 420
600 420
600 420
600 420
841 1390
1000 639
728 546
900 598
640 480
640 444
640 444
2000 1333
2000 1333
2000 1333
2000 1333
2000 1333
728 546
700 460
866 1390
1300 956
1300 956
1680 1121
728 481
5879 4279
852 480
852 480
728 481
900 598
634 482
634 633
634 634
634 634
634 620
728 481
736 552
1500 1021
800 482
600 450
728 546
661 496
1024 718
656 490
1024 781
731 1024
728 546
1024 944
650 550
600 450
1851 2190
852 480
634 816
634 422
3456 2304
2000 1331
986 553
660 437
660 440
1300 956
1920 1200
640 429
5616 3744
1300 1065
1800 1426
1300 866
1067 854
434 578
1600 974
3000 1853
2560 1600
2560 1600
1300 957
662 440
1132 1696
620 457
840 571
700 525
1608 1258
528 440
634 458
634 477
634 850
634 504
468 446
634 705
450 424
634 433
640 476
640 487
866 1300
1200 900
1280 720
2048 1160
508 657
1300 953
495 464
440 505
600 480
600 423
700 572
1300 866
961 606
640 425
728 546
728 546
728 546
728 546
920 536
896 920
2000 1333
920 588
960 540
1024 682
800 556
661 496
1055 1390
2000 1333
1200 800
958 1114
958 805
1200 600
634 567
634 420
800 480
1200 973
1280 720
1920 1080
660 505
2250 1478
969 606
590 421
590 420
590 421
1154 1154
577 812
808 606
940 627
648 486
1300 841
1280 720
700 416
999 729
450 470
634 435
450 472
1280 720
1300 870
870 1300
1300 870
1300 1033
1300 1300
866 1300
1300 866
866 1300
450 450
1300 911
1300 671
1300 870
640 420
870 1300
1300 863
866 1300
900 601
1300 909
863 1300
1024 538
1300 1076
1300 866
632 420
1300 865
865 1300
876 1300
450 470
1300 866
1300 866
749 1024
1280 720
1300 1031
450 447
450 420
1300 816
1026 1300
553 422
3207 1493
1083 832
640 457
1000 744
864 448
824 589
771 505
931 695
1425 725
685 1024
434 569
1918 816
1530 958
640 480
1000 562
725 725
760 448
2000 1300
3072 1728
732 424
1165 518
1024 576
815 756
512 512
648 431
1197 795
1366 768
452 508
2900 1050
986 555
971 501
1300 866
866 1300
1446 988
750 750
1500 1000
440 660
750 750
1280 960
1500 1121
919 1300
1920 1080
540 432
967 1300
1300 1064
632 480
1080 1024
992 427
1300 1097
640 480
1400 856
1920 1200
1100 647
661 496
1280 853
640 447
661 496
640 956
750 471
1000 678
640 427
986 900
640 480
626 455
800 430
460 502
2762 1921
800 556
630 703
800 531
600 480
1200 647
1600 833
1100 733
876 493
700 500
1000 792
600 450
880 587
645 644
1023 682
1023 681
1023 805
682 1023
682 1023
682 1023
600 431
682 1023
1024 438
682 1023
682 1023
682 1023
1023 682
774 646
682 1023
1023 683
1023 651
1500 1124
757 1023
1024 590
1023 682
1023 682
681 1023
682 1023
801 1024
1023 620
680 1024
660 440
1024 678
682 1023
1023 682
1024 1024
767 1023
1024 1024
774 1023
1024 495
1023 682
574 1023
682 1023
682 1023
682 1023
720 1024
705 1023
796 1023
765 1023
1300 863
1023 682
1023 682
682 1023
1024 567
1023 672
907 1024
1024 757
1023 568
1023 682
1024 1024
1300 912
649 1023
1024 766
1023 683
1023 683
1023 683
1023 683
1024 678
1024 678
1023 682
682 1023
680 1023
1023 682
683 1023
1023 682
1023 683
678 1024
1023 683
1023 683
1023 682
1023 586
866 1300
742 1023
769 1023
913 1023
1023 682
682 1023
1024 1024
846 1023
1023 683
470 1024
1024 827
1024 737
1023 716
682 1023
1023 682
1023 682
1024 766
450 450
450 450
1300 866
1300 956
1300 866
1300 866
800 1200
850 567
915 610
2314 1467
3872 2592
700 1000
1500 1001
640 480
800 450
1023 682
640 480
800 600
800 600
645 437
899 628
3162 1634
1300 866
6016 4016
800 532
728 946
640 480
620 465
1300 1008
800 490
800 430
661 496
661 496
661 496
661 496
661 496
1500 1125
2496 1863
1114 741
661 496
5616 3744
919 1388
764 625
1663 980
980 653
1300 866
1300 1134
3486 2490
3462 2510
915 594
900 674
1300 951
640 444
1680 1050
1300 1060
661 496
661 496
795 900
800 600
800 430
661 496
500 753
1300 940
1280 908
640 478
436 566
1240 800
800 595
600 435
971 1300
758 425
660 660
1100 730
1240 800
2648 1811
1280 720
955 900
1920 1200
640 479
700 480
640 427
710 532
670 447
640 447
640 446
1500 1125
620 458
1005 759
800 563
675 450
1500 1000
720 484
507 600
800 600
1020 596
750 500
1600 1200
1024 682
1000 771
1300 1300
660 660
799 597
900 1350
1000 644
700 500
638 479
660 660
660 660
640 440
626 626
863 1390
863 1390
1024 771
667 580
640 480
2768 2067
1001 1620
800 683
1280 960
1748 1744
1600 947
1100 733
745 497
800 533
1200 800
1200 800
1200 800
650 500
970 650
1920 1200
992 744
1600 668
678 1024
786 596
661 496
1300 1300
866 1300
866 1300
1024 768
1022 674
1300 867
1300 1108
866 1300
1300 867
682 1024
1300 867
1500 1564
